int
0
0
0
0
0
0
0
0
0
0
0
0
0
0
0
0
0
0
0
0
0
0
0
0
0
0
0
0
0
0
0
0
0
0
0
0
0
0
0
0
0
0
0
0
0
0
0
0
0
0
1160
1229
1098
0
1819
0
0
0
0
0
0
0
0
0
0
0
0
0
0
0
0
0
0
0
0
0
0
0
0
0
0
0
0
0
0
0
0
0
0
0
0
0
0
0
0
0
0
0
0
0
0
1156
1221
1094
0
0
0
0
0
1815
0
0
0
0
0
0
0
0
0
0
0
0
0
0
0
0
0
0
0
0
0
0
0
0
0
0
0
0
0
0
0
0
0
0
0
0
0
0
0
0
0
0
1152
1217
1090
0
0
0
0
0
0
0
0
0
1811
0
0
0
0
0
0
0
0
0
0
0
0
0
0
0
0
0
0
0
0
0
0
0
0
0
0
0
0
0
0
0
0
0
0
0
0
0
0
1148
1213
1086
0
0
0
0
0
0
0
0
0
0
1051
0
0
0
0
0
0
0
0
0
0
0
0
0
0
0
0
0
0
0
0
0
0
0
0
0
0
0
0
0
0
0
0
0
0
0
0
0
1144
1037
1082
0
0
0
0
0
0
0
0
0
0
0
1071
0
0
0
0
0
0
0
0
0
0
0
0
0
0
0
0
0
0
0
0
0
0
0
0
0
0
0
0
0
0
0
0
0
0
0
0
1140
1033
1078
0
0
0
0
0
0
0
0
0
0
0
0
1067
0
0
0
0
0
0
0
0
0
0
0
0
0
0
0
0
0
0
0
0
0
0
0
0
0
0
0
0
0
0
0
0
0
0
0
1136
1029
1074
0
0
0
0
0
0
0
0
0
0
0
0
0
1227
0
0
0
0
0
0
0
0
0
0
0
0
0
0
0
0
0
0
0
0
0
0
0
0
0
0
0
0
0
0
0
0
0
0
1132
1197
1026
0
0
0
0
0
0
0
0
0
0
0
0
0
0
1055
0
0
0
0
0
0
0
0
0
0
0
0
0
0
0
0
0
0
0
0
0
0
0
0
0
0
0
0
0
0
0
0
0
1128
1193
1058
0
0
0
0
0
0
0
0
0
0
0
0
0
0
1259
0
0
0
0
0
0
0
0
0
0
0
0
0
0
0
0
0
0
0
0
0
0
0
0
0
0
0
0
0
0
0
0
0
1124
1189
1046
0
0
0
0
0
0
0
0
0
0
0
0
0
0
1255
0
0
0
0
0
0
0
0
0
0
0
0
0
0
0
0
0
0
0
0
0
0
0
0
0
0
0
0
0
0
0
0
0
1120
1185
1042
0
0
0
0
0
0
0
0
0
0
0
0
0
0
1251
0
0
0
0
0
0
0
0
0
0
0
0
0
0
0
0
0
0
0
0
0
0
0
0
0
0
0
0
0
0
0
0
0
1116
1181
1210
0
0
0
0
0
0
0
0
0
0
0
0
0
0
1247
0
0
0
0
0
0
0
0
0
0
0
0
0
0
0
0
0
0
0
0
0
0
0
0
0
0
0
0
0
0
0
0
0
1112
1177
1206
0
0
0
0
0
0
0
0
0
0
0
0
0
0
1243
0
0
0
0
0
0
0
0
0
0
0
0
0
0
0
0
0
0
0
0
0
0
0
0
0
0
0
0
0
0
0
0
0
1108
1173
1202
0
0
0
0
0
0
0
0
0
0
0
0
0
0
1239
0
0
0
0
0
0
0
0
0
0
0
0
0
0
0
0
0
0
0
0
0
0
0
0
0
0
0
0
0
0
0
0
0
1104
1169
1062
0
0
0
0
0
0
0
0
0
0
0
0
0
0
1235
0
0
0
0
0
0
0
0
0
0
0
0
0
0
0
0
0
0
0
0
0
0
0
0
0
0
0
0
0
0
0
0
0
1100
3213
0
0
0
0
0
0
0
0
0
0
0
0
0
0
0
0
0
0
0
0
0
1196
0
0
0
0
0
0
0
0
0
1173
1234
1819
0
0
0
0
0
0
0
0
0
1192
0
0
0
0
0
0
0
0
0
0
0
0
0
0
0
0
0
0
0
1169
1230
1188
0
1815
0
0
0
0
0
0
0
0
0
0
0
0
0
0
0
0
0
0
0
1132
0
0
0
0
0
0
0
1165
1222
0
0
0
0
1811
0
0
0
0
0
0
0
1128
0
0
0
0
0
0
0
0
0
0
0
0
0
0
0
0
0
1161
1218
0
0
1124
0
0
1051
0
0
0
0
0
0
0
0
0
0
0
0
0
0
0
0
0
0
1120
0
0
0
0
0
1157
1214
0
0
0
0
0
0
1071
0
0
0
0
0
0
0
1116
0
0
0
0
0
0
0
0
0
0
0
0
0
0
0
1153
1094
0
0
0
0
1112
0
0
1067
0
0
0
0
0
0
0
0
0
0
0
0
0
0
0
0
0
0
1108
0
0
0
1149
1090
0
0
0
0
0
0
0
0
1227
0
0
0
0
0
0
0
1104
0
0
0
0
0
0
0
0
0
0
0
0
0
1145
1086
0
0
0
0
0
0
1060
0
0
1055
0
0
0
0
0
0
0
0
0
0
0
0
0
0
0
0
0
0
1056
0
1141
1082
0
0
0
0
0
0
0
0
0
1259
0
0
0
0
0
0
0
0
1044
0
0
0
0
0
0
0
0
0
0
0
1137
1078
0
0
0
0
0
0
0
0
1040
1255
0
0
0
0
0
0
0
0
0
0
0
0
0
0
0
0
0
0
0
0
1036
1101
1074
0
0
0
0
0
0
0
0
1251
0
0
0
0
0
0
0
0
0
0
1032
0
0
0
0
0
0
0
0
0
0
1097
1186
0
0
0
0
0
0
0
0
1247
1028
0
0
0
0
0
0
0
0
0
0
1209
0
0
0
0
0
0
0
0
0
0
1024
1182
0
0
0
0
0
0
0
1243
0
1205
0
0
0
0
0
0
0
0
0
0
0
0
0
0
0
0
0
0
0
0
0
1201
1178
0
0
0
0
0
0
3287
0
0
0
0
0
0
0
0
0
0
0
0
0
0
0
0
0
0
0
0
0
0
0
0
0
0
0
0
0
0
0
0
0
0
0
0
0
0
0
0
0
0
0
0
0
0
0
0
1252
0
0
0
0
1817
1122
1035
0
0
0
0
0
0
0
0
0
0
0
0
0
0
0
0
0
0
0
0
0
0
0
0
0
0
0
0
0
0
0
0
0
0
0
0
0
0
0
0
0
1224
0
0
0
0
0
0
0
0
0
1813
1118
0
0
1159
0
0
0
0
0
0
0
0
0
0
0
0
0
0
0
0
0
0
0
0
0
0
0
0
0
0
0
0
0
0
0
0
0
0
1192
0
0
0
0
0
0
0
0
0
0
0
0
0
0
1809
1102
0
0
0
0
1075
0
0
0
0
0
0
0
0
0
0
0
0
0
0
0
0
0
0
0
0
0
0
0
0
0
0
0
1188
0
0
0
0
0
0
0
0
0
0
0
0
0
0
0
0
0
0
0
1041
1098
0
0
0
0
0
0
1151
0
0
0
0
0
0
0
0
0
0
0
0
0
0
0
0
0
0
0
0
1056
0
0
0
0
0
0
0
0
0
0
0
0
0
0
0
0
0
0
0
0
0
0
0
0
1037
1094
0
0
0
0
0
0
0
0
1091
0
0
0
0
0
0
0
0
0
0
0
0
1236
0
0
0
0
0
0
0
0
0
0
0
0
0
0
0
0
0
0
0
0
0
0
0
0
0
0
0
0
0
0
1173
1070
0
0
0
0
0
0
0
0
0
0
1115
0
0
1228
0
0
0
0
0
0
0
0
0
0
0
0
0
0
0
0
0
0
0
0
0
0
0
0
0
0
0
0
0
0
0
0
0
0
0
0
0
0
1169
1066
0
0
0
0
0
1140
0
0
0
0
0
0
1027
0
0
0
0
0
0
0
0
0
0
0
0
0
0
0
0
0
0
0
0
0
0
0
0
0
0
0
0
0
0
0
0
0
0
0
0
1136
0
1178
1165
0
0
0
0
0
0
0
0
0
0
0
0
0
0
0
1107
0
0
0
0
0
0
0
0
0
0
0
0
0
0
0
0
0
0
0
0
0
0
0
0
1248
0
0
0
0
0
0
0
0
0
1182
0
0
1161
0
0
0
0
0
0
0
0
0
0
0
0
0
0
0
0
0
1083
0
0
0
0
0
0
0
0
0
0
1232
0
0
0
0
0
0
0
0
0
0
0
0
0
0
0
0
0
0
0
1218
0
0
0
0
1053
0
0
0
0
0
0
0
0
0
0
0
0
0
0
0
0
1144
0
1087
0
0
0
0
0
0
0
0
0
0
0
0
0
0
0
0
0
0
0
0
0
0
0
0
0
0
0
1214
0
0
0
0
0
0
1049
0
0
0
1244
0
0
0
0
0
0
0
0
0
0
0
0
0
0
0
1079
0
0
0
0
0
0
0
0
0
0
0
0
0
0
0
0
0
0
0
0
0
1256
0
1186
0
0
0
0
0
0
0
0
0
1045
0
0
0
0
0
0
0
0
0
0
0
0
0
0
0
0
0
0
0
0
1031
0
0
0
0
1208
0
0
0
0
0
0
0
0
0
0
0
0
0
0
1222
0
0
0
0
0
0
0
0
0
0
0
0
1133
0
0
0
0
0
0
0
0
0
1204
0
0
0
0
0
0
0
0
0
0
0
1155
0
0
0
0
0
0
0
0
0
0
0
0
0
0
1242
0
0
0
0
0
0
0
0
0
0
1200
0
0
0
0
0
1129
0
0
0
0
0
0
0
0
0
0
0
0
0
0
0
0
0
0
0
0
0
0
1111
0
0
0
0
0
0
0
0
1060
1198
0
0
0
0
0
0
0
0
0
0
0
0
0
0
0
0
0
0
0
0
3173
0
0
0
0
0
0
0
0
0
0
0
0
0
0
0
0
0
0
0
0
0
1200
0
0
0
0
0
0
0
1101
0
0
0
1066
0
0
1083
0
0
0
0
0
0
1196
0
0
0
0
0
0
0
0
0
0
0
0
0
0
0
1245
0
0
0
0
0
1192
1238
0
0
0
0
0
0
1079
0
0
0
0
0
0
0
0
0
0
0
0
0
1188
0
1213
0
0
0
0
0
0
0
0
0
1162
0
0
0
0
0
0
0
0
0
1132
1075
0
0
0
0
0
0
0
0
1177
0
0
0
0
0
0
0
0
0
0
0
1128
1230
0
0
0
0
0
0
0
0
0
0
0
0
0
0
1091
1181
0
0
0
0
1124
0
0
0
0
0
0
0
0
0
0
0
1226
0
0
0
0
0
0
0
0
0
1120
0
1233
0
0
0
0
0
0
1159
0
0
0
0
0
0
0
0
0
0
0
0
1116
1242
0
0
0
0
0
0
0
1221
0
0
0
0
0
0
0
0
0
0
0
0
1112
0
1155
0
0
0
0
0
0
0
0
1098
0
0
0
0
1217
0
0
0
0
0
1108
0
0
0
0
0
0
0
0
0
0
0
0
0
0
0
0
1151
0
0
0
1070
1104
1173
0
0
0
0
0
0
0
0
0
0
0
0
0
0
0
0
0
0
0
0
1060
0
0
0
0
0
0
0
1137
1054
1087
0
0
0
0
0
0
0
0
0
0
0
1056
0
0
0
0
0
0
0
0
0
0
0
0
0
0
1185
0
0
0
1050
0
0
1044
1819
0
0
0
0
0
0
0
0
0
0
0
0
0
0
0
0
0
0
0
1141
1040
0
0
0
0
0
0
1166
0
0
0
0
0
0
1815
0
0
0
0
0
0
0
1036
0
0
0
1257
0
0
0
0
0
0
0
0
0
0
0
1170
0
0
0
0
0
1032
0
0
0
0
1811
0
0
1145
0
0
0
0
0
0
0
0
0
0
0
0
0
1028
0
0
1254
0
0
0
0
1209
0
0
0
0
0
0
0
0
1095
0
0
0
0
1024
0
0
0
0
0
0
0
1205
0
0
0
3298
0
0
0
0
0
0
0
0
0
0
0
0
0
0
0
0
0
0
0
0
0
0
0
0
0
0
0
0
0
0
0
0
0
0
0
0
0
0
0
0
0
0
0
0
0
0
0
0
0
0
0
0
0
0
0
0
0
0
0
0
0
0
0
0
0
0
0
0
0
0
0
0
0
0
0
0
0
0
0
0
0
0
0
0
0
0
0
0
0
0
0
0
0
0
0
0
0
0
0
0
0
0
0
0
0
0
0
0
0
0
0
0
0
0
0
0
0
0
0
0
0
0
0
0
0
0
0
0
0
0
0
0
0
0
0
0
0
0
0
0
0
0
0
0
0
0
0
0
0
0
0
0
0
0
0
0
0
0
0
0
0
0
0
0
0
0
0
0
0
0
0
0
0
0
0
0
0
0
0
0
0
0
0
0
0
0
0
0
0
0
0
0
0
0
0
0
0
0
0
0
0
0
0
0
0
0
0
0
0
0
0
0
0
0
0
0
0
0
0
0
0
0
0
0
0
0
0
0
0
0
0
0
0
0
0
0
0
0
0
0
0
0
0
0
0
0
0
0
0
0
0
0
0
0
0
0
0
0
0
0
0
0
0
0
0
0
0
0
0
0
0
0
0
0
0
0
0
0
0
0
0
0
0
0
0
0
0
0
0
0
0
0
0
0
0
0
0
0
0
0
0
0
0
0
0
0
0
0
0
0
0
0
0
0
0
0
0
0
0
0
0
0
0
0
0
0
0
0
0
0
0
0
0
0
0
0
0
0
0
0
0
0
0
0
0
0
0
0
0
0
0
0
0
0
0
0
0
0
0
0
0
0
0
0
0
0
0
0
0
0
0
0
0
0
0
0
0
0
0
0
0
0
0
0
0
0
0
0
0
0
0
0
0
0
0
0
0
0
0
0
0
0
0
0
0
0
0
0
0
0
0
0
0
0
0
0
0
0
0
0
0
0
0
0
0
0
0
0
0
0
0
0
0
0
0
0
0
0
0
0
0
0
0
0
0
0
0
0
0
0
0
0
0
0
0
0
0
0
0
0
0
0
0
0
0
0
0
0
0
0
0
0
0
0
0
0
0
0
0
0
0
0
0
0
0
0
0
0
0
0
0
0
0
0
0
0
0
0
0
0
0
0
0
0
0
0
0
0
0
0
0
0
0
0
0
0
0
0
0
0
0
0
0
0
0
0
0
0
0
0
0
0
0
0
0
0
0
0
0
0
0
0
0
0
0
0
0
0
0
0
0
0
0
0
0
0
0
0
0
0
0
0
0
0
0
0
0
0
0
0
0
0
0
0
0
0
0
0
0
0
0
0
0
0
0
0
0
0
0
0
0
0
0
0
0
0
0
0
0
0
0
0
0
0
0
0
0
0
0
0
0
0
0
0
0
0
0
0
0
0
0
0
0
0
0
0
0
0
0
0
0
0
0
0
0
0
0
0
0
0
0
0
0
0
0
0
0
0
0
0
0
0
0
0
0
0
0
0
0
0
0
0
0
0
0
0
0
0
0
0
0
0
0
0
0
0
0
0
0
0
0
0
0
0
0
0
0
0
0
0
0
0
0
0
0
0
0
0
0
0
0
0
0
0
0
0
0
0
0
0
0
0
0
0
0
0
0
0
0
0
0
0
0
0
0
0
0
0
0
0
0
0
0
0
0
0
0
0
0
0
0
0
0
0
0
0
0
0
0
0
0
0
0
0
0
0
0
0
0
0
0
0
0
0
0
0
0
0
0
0
0
0
0
0
0
0
0
0
0
0
0
0
0
0
0
0
0
0
0
0
0
0
0
0
0
0
0
0
0
0
0
0
0
0
0
0
0
0
0
0
0
0
0
0
0
0
0
0
0
0
0
0
0
0
0
0
0
0
0
0
0
0
0
0
0
0
0
0
0
0
0
0
0
0
0
0
0
0
0
0
0
0
0
0
0
0
0
0
0
0
0
0
0
0
0
0
0
0
0
0
0
0
0
0
0
0
0
0
0
0
0
0
0
0
0
0
0
0
0
0
0
0
0
0
0
0
0
0
0
0
0
0
0
0
0
0
0
0
0
0
0
0
0
0
0
0
0
0
0
0
0
0
0
0
0
0
0
0
0
0
0
0
0
0
0
0
0
0
0
0
0
0
0
0
0
0
0
0
0
0
0
0
0
0
0
0
0
0
0
0
0
0
0
0
0
0
0
0
0
0
0
0
0
0
0
0
0
0
0
0
0
0
0
0
0
0
0
0
0
0
0
0
0
0
0
0
0
0
0
0
0
0
0
0
0
0
0
0
0
0
0
0
0
0
0
0
0
0
0
0
0
0
0
0
0
0
0
0
0
0
0
0
0
0
0
0
0
0
0
0
0
0
0
0
0
0
0
0
0
0
0
0
0
0
0
0
0
0
0
0
0
0
0
0
0
0
0
0
0
0
0
0
0
0
0
0
0
0
0
0
0
0
0
0
0
0
0
0
0
0
0
0
0
0
0
0
0
0
0
0
0
0
0
0
0
0
0
0
0
0
0
0
0
0
0
0
0
0
0
0
0
0
0
0
0
0
0
0
0
0
0
0
0
0
0
0
0
0
0
0
0
0
0
0
0
0
0
0
0
0
0
0
0
0
0
0
0
0
0
0
0
0
0
0
0
0
0
0
0
0
0
0
0
0
0
0
0
0
0
0
0
0
0
0
0
0
0
0
0
0
0
0
0
0
0
0
0
0
0
0
0
0
0
0
0
0
0
0
0
0
0
0
0
0
0
0
0
0
0
0
0
0
0
0
0
0
0
0
0
0
0
0
0
0
0
0
0
0
0
0
0
0
0
0
0
0
0
0
0
0
0
0
0
0
0
0
0
0
0
0
0
0
0
0
0
0
0
0
0
0
0
0
0
0
0
0
0
0
0
0
0
0
0
0
0
0
0
0
0
0
0
0
0
0
0
0
0
0
0
0
0
0
0
0
0
0
0
0
0
0
0
0
0
0
0
0
0
0
0
0
0
0
0
0
0
0
0
0
0
0
0
0
0
0
0
0
0
0
0
0
0
0
0
0
0
0
0
0
0
0
0
0
0
0
0
0
0
0
0
0
0
0
0
0
0
0
0
0
0
0
0
0
0
0
0
0
0
0
0
0
0
0
0
0
0
0
0
0
0
0
0
0
0
0
0
0
0
0
0
0
0
0
0
0
0
0
0
0
0
0
0
0
0
0
0
0
0
0
0
0
0
0
0
0
0
0
0
0
0
0
0
0
0
0
0
0
0
0
0
0
0
0
0
0
0
0
0
0
0
0
0
0
0
0
0
0
0
0
0
0
0
0
0
0
0
0
0
0
0
0
0
0
0
0
0
0
0
0
0
0
0
0
0
0
0
0
0
0
0
0
0
0
0
0
0
0
0
0
0
0
0
0
0
0
0
0
0
0
0
0
0
0
0
0
0
0
0
0
0
0
0
0
0
0
0
0
0
0
0
0
0
0
0
0
0
0
0
0
0
0
0
0
0
0
0
0
0
0
0
0
0
0
0
0
0
0
0
0
