int
0
0
0
0
0
0
0
0
0
0
0
0
0
0
1104
1037
1066
1079
0
0
0
0
0
0
0
0
0
0
0
1100
1033
1062
1075
0
0
0
0
0
0
0
0
0
0
0
1024
1029
1058
1071
0
0
1099
0
0
1831
0
0
1799
0
1835
1092
1121
1054
1827
0
1803
0
1795
1139
1135
1131
1127
0
0
0
1088
1117
1050
0
0
0
0
0
0
0
0
0
0
0
0
1084
1113
1046
0
0
0
0
0
0
0
0
0
0
0
0
1080
1109
3090
0
0
0
0
0
0
0
0
0
0
0
0
0
0
1048
1069
1102
1091
0
0
0
0
0
0
0
0
0
0
0
1044
1065
1026
1087
0
0
0
0
0
0
0
0
0
0
0
1040
1061
1094
1083
0
1098
0
0
1830
0
0
1798
0
1834
0
1108
1057
1826
1079
1802
0
1794
1138
1134
1130
1126
1122
1118
1114
1038
1104
1053
1034
1030
3123
0
0
0
0
0
0
0
0
0
0
0
0
0
1074
1040
0
0
1117
1095
0
0
0
0
0
0
0
1110
0
0
1084
0
0
0
0
0
1113
1091
0
0
1106
0
0
0
0
1036
0
0
0
0
0
0
1078
0
1053
1063
0
0
0
0
1032
0
0
1082
0
0
1098
0
0
1830
0
0
1049
1798
1059
1028
1834
0
1826
0
1802
0
1794
1138
1134
1130
1126
0
0
1100
1069
0
1123
0
0
0
0
0
0
0
0
0
0
1024
0
0
0
1047
3113
0
0
0
0
0
0
0
0
0
0
0
1083
0
0
0
0
0
1052
1041
1046
0
0
0
1079
0
0
1099
0
0
1831
0
0
1799
1026
1835
1092
1069
1827
0
1803
0
1795
1139
1135
1131
1127
1123
1110
1119
1115
1039
1035
1031
1088
1065
0
0
0
0
0
0
1074
0
0
0
0
0
0
0
0
0
1084
1061
0
0
1102
0
0
0
0
0
0
0
0
0
0
0
0
1106
1048
3105
0
0
0
0
0
0
0
0
0
0
0
0
0
0
0
0
0
1104
1133
1066
1079
0
0
0
0
0
0
0
0
0
0
0
0
0
0
1100
1129
1062
1075
0
0
0
0
0
0
0
0
0
0
0
0
0
0
1024
1041
1058
1071
0
0
1099
0
0
1831
0
0
1799
0
1835
0
1827
0
1092
1037
1054
1803
0
1795
1127
1123
1119
1115
0
0
0
0
0
0
0
0
1088
1033
1050
0
0
0
0
0
0
0
0
0
0
0
0
0
0
0
1084
1029
1046
0
0
0
0
0
0
0
0
0
0
0
0
0
0
0
1080
1109
3186
0
0
0
0
0
1139
0
0
0
0
0
1135
0
0
1040
1065
1090
1131
0
0
0
0
0
1035
0
0
0
0
0
1108
1061
1086
1031
0
0
0
0
0
1039
0
0
1099
0
0
1104
1057
1082
1831
0
0
1799
0
1835
0
1827
0
1803
0
1795
1100
1053
1078
1127
1123
1119
1115
0
0
0
0
0
0
0
0
1024
1049
1074
0
0
0
0
0
0
0
0
0
0
0
0
1092
1045
3118
0
0
0
0
0
0
0
0
0
0
0
0
0
0
0
1102
0
0
0
0
1136
1093
1059
0
0
0
0
0
0
0
0
1110
0
0
0
0
0
0
0
0
0
1132
1089
1055
0
0
0
1026
0
0
0
0
0
0
0
0
0
0
0
0
0
0
1128
1085
1082
1051
0
0
0
0
0
0
0
0
0
0
0
0
0
1106
0
0
0
1068
1037
0
1047
0
0
0
0
0
0
0
1078
0
0
1098
0
0
1830
0
0
1798
1064
1033
1834
1043
1826
0
1802
0
1794
1126
1122
1118
1114
0
0
0
0
0
0
0
1075
1060
3077
0
0
0
0
0
0
0
0
0
0
0
1083
0
0
0
0
0
1052
1041
1046
0
0
0
1079
0
0
0
0
0
1139
0
0
0
1026
0
1092
1069
1135
0
0
0
0
0
1131
0
0
0
1110
0
1035
0
0
0
1088
1065
1031
0
0
0
0
0
1074
1039
0
0
1099
0
0
1831
0
0
1084
1061
1799
0
1102
1835
0
1827
0
1803
0
1795
1127
1123
1119
1115
0
1106
1048
3105
0
0
0
0
0
0
0
0
0
0
0
0
0
0
0
0
0
0
0
0
1100
1029
1050
1071
0
0
0
0
0
0
0
0
0
0
0
0
0
0
0
0
1108
0
0
1093
1046
1067
0
0
0
0
0
0
0
0
0
0
0
0
0
0
1828
0
0
0
0
1089
1122
1063
0
0
0
0
0
0
0
0
0
0
0
1832
0
0
0
0
0
0
0
1085
1118
1803
0
0
0
0
0
0
0
0
1824
0
0
0
0
0
0
0
0
0
0
1081
1114
1799
0
0
0
0
0
1024
0
0
0
0
0
0
1096
1136
1132
1128
1124
0
0
1077
1042
1795
0
0
0
0
0
0
0
0
0
0
0
0
0
0
0
0
0
0
0
1073
1038
1059
0
0
0
0
0
0
0
0
0
0
0
0
0
0
0
0
0
0
1105
0
1034
3103
0
0
0
0
0
0
0
0
0
0
0
0
0
0
0
0
0
0
0
0
0
1088
1057
1082
1835
0
0
0
0
0
0
0
0
0
0
0
0
0
0
0
0
0
0
1084
1053
1078
1831
0
0
0
0
0
0
0
0
0
0
0
0
0
0
0
0
0
1104
0
1049
1074
1827
0
0
0
0
0
0
0
0
0
0
0
0
0
0
0
0
1100
0
0
1045
1070
1803
0
0
0
0
0
0
0
0
0
0
0
0
0
0
1108
0
0
0
0
1041
1066
1799
0
0
0
0
0
0
0
0
0
0
0
1024
0
0
0
0
1096
1136
1132
1128
1124
1120
1116
1112
1036
1032
1028
1093
1062
3843
0
0
0
0
0
0
0
0
0
0
0
0
0
0
0
0
0
0
0
0
1084
1049
0
0
1078
1075
0
0
0
0
0
0
0
0
0
0
0
0
0
0
0
1068
1045
0
0
0
0
0
0
1122
1083
0
0
0
0
0
0
0
0
0
0
0
1064
1041
0
0
0
0
0
0
0
0
0
0
1118
1835
0
0
0
0
0
0
0
1060
1037
0
0
0
0
0
0
0
0
0
0
0
0
0
0
1802
1831
1100
0
0
0
1033
0
0
0
0
0
0
0
0
0
0
0
0
1024
0
0
0
0
0
1798
1827
1029
0
0
0
0
0
0
0
0
1108
0
0
0
0
0
0
0
0
0
0
1059
1093
0
1794
0
0
1104
0
0
0
0
0
1096
1136
1132
1128
1124
0
0
0
0
1055
1089
0
0
0
0
0
3162
0
0
0
0
0
0
0
0
0
0
0
0
0
0
0
0
0
0
0
0
1052
0
1833
0
1794
1063
0
0
0
0
0
0
0
0
0
0
0
0
0
0
0
1048
0
0
0
1829
0
0
0
1078
1087
0
0
0
0
0
0
0
0
0
0
0
1056
0
0
0
0
0
1825
0
0
0
0
0
1074
1083
0
0
0
0
1100
0
0
0
0
0
0
0
0
0
0
1069
0
0
0
0
0
0
1108
1090
1803
0
0
0
0
0
0
0
0
0
0
0
0
0
1045
1024
0
0
0
0
0
0
0
1042
0
1799
0
0
0
0
0
0
1104
0
0
0
0
1093
1096
1136
1132
1128
1124
1120
1116
1112
1036
1032
1028
3114
0
0
0
0
0
0
0
0
0
0
0
0
0
0
0
0
0
0
0
0
0
0
0
0
1028
1129
1834
1067
0
0
0
0
0
0
0
0
0
0
0
0
0
0
0
0
0
0
0
0
0
1092
1057
1830
1063
0
0
0
0
0
0
0
0
0
0
0
0
0
0
0
0
0
0
0
0
0
1088
1053
1826
1103
0
0
0
0
0
0
0
0
0
0
0
0
0
0
0
0
0
0
0
0
0
1084
1049
1802
1107
0
0
0
0
0
0
0
0
0
0
0
0
0
0
0
0
0
0
0
0
0
1080
1045
1798
1111
0
0
0
0
0
0
0
0
0
0
0
0
0
0
0
0
0
0
0
0
0
1076
1041
1794
1027
0
0
0
0
1099
1127
1123
1119
1115
0
0
0
0
0
0
0
0
0
0
0
0
1072
1037
1138
0
0
0
0
0
0
0
0
0
0
0
0
0
0
0
0
0
0
0
0
0
0
1068
1033
3182
0
0
0
0
0
0
0
0
0
0
0
0
0
0
0
0
0
0
0
0
1103
1048
1077
1834
0
0
0
0
0
0
0
0
0
0
0
0
0
0
0
0
1111
0
0
1044
1073
1830
0
0
0
0
0
0
0
0
0
0
0
0
0
1027
0
0
0
0
0
1040
1069
1826
1139
0
0
0
0
0
1135
0
0
0
0
0
1131
0
0
0
0
0
1035
1092
1065
1802
0
0
1031
0
0
0
0
0
1039
0
0
0
0
1099
1127
1123
1119
1115
0
1088
1061
1798
0
0
0
0
0
0
0
0
0
0
0
0
0
0
0
0
0
0
0
1084
1057
1794
0
0
0
0
0
0
0
0
0
0
0
0
0
0
0
0
0
0
1104
0
1053
3130
0
0
0
0
0
0
0
0
0
0
0
0
0
0
0
0
0
0
0
0
0
0
0
0
0
1045
1132
1082
1075
0
0
0
0
0
0
0
0
0
0
0
0
0
0
0
0
0
0
0
0
1053
0
0
1832
0
0
1130
1063
0
0
0
0
0
0
0
0
0
0
0
0
0
0
0
0
1049
0
0
0
0
1828
0
0
0
0
1078
1031
0
0
0
0
0
0
0
0
0
0
0
0
1057
0
0
0
0
0
0
1824
0
0
0
0
0
1042
0
1803
0
0
0
0
1109
0
0
0
0
0
0
0
0
0
0
0
0
1136
0
0
0
0
0
0
1101
1090
0
1799
0
0
0
0
0
0
0
0
0
0
0
0
0
0
0
1092
1105
0
0
0
0
0
0
0
1034
0
0
1795
0
0
0
0
0
0
0
1025
0
0
0
0
0
1068
1097
1125
1121
1117
1113
0
0
0
0
1066
0
0
0
1087
0
0
0
0
0
0
0
0
0
0
0
3084
0
0
0
0
0
0
0
0
0
0
0
0
0
0
0
0
0
0
0
0
1057
0
1828
0
1078
1063
0
0
0
0
0
0
0
0
0
0
0
0
1101
0
0
0
0
0
0
1824
0
0
0
1074
1087
0
0
0
0
0
1109
0
0
0
0
0
0
0
0
0
0
0
1068
0
0
0
0
1025
1090
1083
0
0
0
0
0
0
0
0
0
0
0
0
0
0
1105
1044
0
0
0
0
1137
0
1042
0
1803
0
1133
0
0
0
0
0
1129
0
0
0
0
0
1092
1097
0
0
0
0
0
1037
1066
0
0
1799
0
1033
0
0
0
0
0
1029
1125
1052
1121
1117
1113
0
0
0
0
0
0
1834
0
0
0
0
1795
0
0
0
0
0
3096
0
0
0
0
0
0
0
0
0
0
0
0
0
0
0
0
0
0
0
0
0
0
0
0
0
0
0
0
0
0
0
0
0
0
0
0
0
0
0
0
0
0
0
0
0
0
0
0
0
0
0
0
0
0
0
0
0
0
0
0
0
0
0
0
0
0
0
0
0
0
0
0
0
0
0
0
0
0
0
0
0
0
0
0
0
0
0
0
0
0
0
0
0
0
0
0
0
0
0
0
0
0
0
0
0
0
0
0
0
0
0
0
0
0
0
0
0
0
0
0
0
0
0
0
0
0
0
0
0
0
0
0
0
0
0
0
0
0
0
0
0
0
0
0
0
0
0
0
0
0
0
0
0
0
0
0
0
0
0
0
0
0
0
0
0
0
0
0
0
0
0
0
0
0
0
0
0
0
0
0
0
0
0
0
0
0
0
0
0
0
0
0
0
0
0
0
0
0
0
0
0
0
0
0
0
0
0
0
0
0
0
0
0
0
0
0
0
0
0
0
0
0
0
0
0
0
0
0
0
0
0
0
0
0
0
0
0
0
0
0
0
0
0
0
0
0
0
0
0
0
0
0
0
0
0
0
0
0
0
0
0
0
0
0
0
0
0
0
0
0
0
0
0
0
0
0
0
0
0
0
0
0
0
0
0
0
0
0
0
0
0
0
0
0
0
0
0
0
0
0
0
0
0
0
0
0
0
0
0
0
0
0
0
0
0
0
0
0
0
0
0
0
0
0
0
0
0
0
0
0
0
0
0
0
0
0
0
0
0
0
0
0
0
0
0
0
0
0
0
0
0
0
0
0
0
0
0
0
0
0
0
0
0
0
0
0
0
0
0
0
0
0
0
0
0
0
0
0
0
0
0
0
0
0
0
0
0
0
0
0
0
0
0
0
0
0
0
0
0
0
0
0
0
0
0
0
0
0
0
0
0
0
0
0
0
0
0
0
0
0
0
0
0
0
0
0
0
0
0
0
0
0
0
0
0
0
0
0
0
0
0
0
0
0
0
0
0
0
0
0
0
0
0
0
0
0
0
0
0
0
0
0
0
0
0
0
0
0
0
0
0
0
0
0
0
0
0
0
0
0
0
0
0
0
0
0
0
0
0
0
0
0
0
0
0
0
0
0
0
0
0
0
0
0
0
0
0
0
0
0
0
0
0
0
0
0
0
0
0
0
0
0
0
0
0
0
0
0
0
0
0
0
0
0
0
0
0
0
0
0
0
0
0
0
0
0
0
0
0
0
0
0
0
0
0
0
0
0
0
0
0
0
0
0
0
0
0
0
0
0
0
0
0
0
0
0
0
0
0
0
0
0
0
0
0
0
0
0
0
0
0
0
0
0
0
0
0
0
0
0
0
0
0
0
0
0
0
0
0
0
0
0
0
0
0
0
0
0
0
0
0
0
0
0
0
0
0
0
0
0
0
0
0
0
0
0
0
0
0
0
0
0
0
0
0
0
0
0
0
0
0
0
0
0
0
0
0
0
0
0
0
0
0
0
0
0
0
0
0
0
0
0
0
0
0
0
0
0
0
0
0
0
0
0
0
0
0
0
0
0
0
0
0
0
0
0
0
0
0
0
0
0
0
0
0
0
0
0
0
0
0
0
0
0
0
0
0
0
0
0
0
0
0
0
0
0
0
0
0
0
0
0
0
0
0
0
0
0
0
0
0
0
0
0
0
0
0
0
0
0
0
0
0
0
0
0
0
0
0
0
0
0
0
0
0
0
0
0
0
0
0
0
0
0
0
0
0
0
0
0
0
0
0
0
0
0
0
0
0
0
0
0
0
0
0
0
0
0
0
0
0
0
0
0
0
0
0
0
0
0
0
0
0
0
0
0
0
0
0
0
0
0
0
0
0
0
0
0
0
0
0
0
0
0
0
0
0
0
0
0
0
0
0
0
0
0
0
0
0
0
0
0
0
0
0
0
0
0
0
0
0
0
0
0
0
0
0
0
0
0
0
0
0
0
0
0
0
0
0
0
0
0
0
0
0
0
0
0
0
0
0
0
0
0
0
0
0
0
0
0
0
0
0
0
0
0
0
0
0
0
0
0
0
0
0
0
0
0
0
0
0
0
0
0
0
0
0
0
0
0
0
0
0
0
0
0
0
0
0
0
0
0
0
0
0
0
0
0
0
0
0
0
0
0
0
0
0
0
0
0
0
0
0
0
0
0
0
0
0
0
0
0
0
0
0
0
0
0
0
0
0
0
0
0
0
0
0
0
0
0
0
0
0
0
0
0
0
0
0
0
0
0
0
0
0
0
0
0
0
0
0
0
0
0
0
0
0
0
0
0
0
0
0
0
0
0
0
0
0
0
0
0
0
0
0
0
0
0
0
0
0
0
0
0
0
0
0
0
0
0
0
0
0
0
0
0
0
0
0
0
0
0
0
0
0
0
0
0
0
0
0
0
0
0
0
0
0
0
0
0
0
0
0
0
0
0
0
0
0
0
0
0
0
0
0
0
0
0
0
0
0
0
0
0
0
0
0
0
0
0
0
0
0
0
0
0
0
0
0
0
0
0
0
0
0
0
0
0
0
0
0
0
0
0
0
0
0
0
0
0
0
0
0
0
0
0
0
0
0
0
0
0
0
0
0
0
0
0
0
0
0
0
0
0
0
0
0
0
0
0
0
0
0
0
0
0
0
0
0
0
0
0
0
0
0
0
0
0
0
0
0
0
0
0
0
0
0
0
0
0
0
0
0
0
0
0
0
0
0
0
0
0
0
0
0
0
0
0
0
0
0
0
0
0
0
0
0
0
0
0
0
0
0
0
0
0
0
0
0
0
0
0
0
0
0
0
0
0
0
0
0
0
0
0
0
0
0
0
0
0
0
0
0
0
0
0
0
0
0
0
0
0
0
0
0
0
0
0
0
0
0
0
0
0
0
0
0
0
0
0
0
0
0
0
0
0
0
0
0
0
0
0
0
0
0
0
0
0
0
0
0
0
0
0
0
0
0
0
0
0
0
0
0
0
0
0
0
0
0
0
0
0
0
0
0
0
0
0
0
0
0
0
0
0
0
0
0
0
0
0
0
0
0
0
0
0
0
0
0
0
0
0
0
0
0
0
0
0
0
0
0
0
0
0
0
0
0
0
0
0
0
0
0
0
0
0
0
0
0
0
0
0
0
0
0
0
0
0
0
0
0
0
0
0
0
0
0
0
0
0
0
0
0
0
0
0
0
0
0
0
0
0
0
0
0
0
0
0
0
0
0
0
0
0
0
0
0
0
0
0
0
0
0
0
0
0
0
0
0
0
0
0
0
0
0
0
0
0
0
0
0
0
0
0
0
0
0
0
0
0
0
0
0
0
0
0
0
0
0
0
0
0
0
0
0
0
0
0
0
0
0
0
0
0
0
0
0
0
0
0
0
0
0
0
0
0
0
0
0
0
0
0
0
0
0
0
0
0
0
0
0
0
0
0
0
0
0
0
0
0
0
0
0
0
0
0
0
0
0
0
0
0
0
0
0
0
0
0
0
0
0
0
0
0
0
0
0
0
0
0
0
0
0
0
0
0
0
0
0
0
0
0
0
0
0
0
0
0
0
0
0
0
0
0
0
0
0
0
0
0
0
0
0
0
0
0
0
0
0
0
0
0
0
0
0
0
0
0
0
0
0
0
0
0
0
0
0
0
0
0
0
0
0
0
0
0
0
0
0
0
0
0
0
0
0
0
0
0
0
0
0
0
0
0
0
0
0
0
0
0
0
0
0
0
0
0
0
0
0
0
0
0
0
0
0
0
0
0
0
0
0
0
0
0
0
0
0
0
0
0
0
0
0
0
0
0
0
0
0
0
0
0
0
0
0
0
0
0
0
0
0
0
0
0
0
0
0
0
0
0
0
0
0
0
0
0
0
0
0
0
0
0
0
0
0
0
0
0
0
0
0
0
0
0
0
0
0
0
0
0
0
0
0
0
0
0
0
0
0
0
0
0
0
0
0
0
0
0
0
0
0
0
0
0
0
0
0
0
0
0
0
0
0
0
0
0
0
0
0
0
0
0
0
0
0
0
0
0
0
0
0
0
0
0
0
0
0
0
0
0
0
0
0
0
0
0
0
0
0
0
0
0
0
0
0
0
0
0
0
0
0
0
0
0
0
0
0
0
0
0
0
0
0
0
0
0
0
0
0
0
0
0
0
0
0
0
0
0
0
0
0
0
0
0
0
0
0
0
0
0
0
0
0
0
0
0
0
0
0
0
0
0
0
0
0
0
0
0
0
0
0
0
0
0
0
0
0
0
0
0
0
0
0
0
0
0
0
0
0
0
0
0
0
